function y=s2ma(t)
para=1/(100*10000*365*24*3600);
y=t*para;